maxcap: 20
values: [9.0, 11.0, 13.0, 15.0]
weight: [6.0, 5.0, 9.0, 7.0]
[35.0, 18.0, [1, 1, 0, 1], 0]
[35.0, 18.0, [1, 1, 0, 1], 0]
[35.0, 18.0, [1, 1, 0, 1], 0]
[35.0, 18.0, [1, 1, 0, 1], 0]
[35.0, 18.0, [1, 1, 0, 1], 0]
[35.0, 18.0, [1, 1, 0, 1], 0]
[35.0, 18.0, [1, 1, 0, 1], 0]
[35.0, 18.0, [1, 1, 0, 1], 0]
[35.0, 18.0, [1, 1, 0, 1], 0]
[35.0, 18.0, [1, 1, 0, 1], 0]
[35.0, 18.0, [1, 1, 0, 1], 0]
[35.0, 18.0, [1, 1, 0, 1], 0]
[35.0, 18.0, [1, 1, 0, 1], 0]
[35.0, 18.0, [1, 1, 0, 1], 0]
[35.0, 18.0, [1, 1, 0, 1], 0]
[35.0, 18.0, [1, 1, 0, 1], 0]
[35.0, 18.0, [1, 1, 0, 1], 0]
[35.0, 18.0, [1, 1, 0, 1], 0]
[35.0, 18.0, [1, 1, 0, 1], 0]
[35.0, 18.0, [1, 1, 0, 1], 0]
[35.0, 18.0, [1, 1, 0, 1], 0]
[35.0, 18.0, [1, 1, 0, 1], 0]
[35.0, 18.0, [1, 1, 0, 1], 0]
[35.0, 18.0, [1, 1, 0, 1], 0]
[35.0, 18.0, [1, 1, 0, 1], 0]
[35.0, 18.0, [1, 1, 0, 1], 0]
[35.0, 18.0, [1, 1, 0, 1], 0]
[35.0, 18.0, [1, 1, 0, 1], 0]
[35.0, 18.0, [1, 1, 0, 1], 0]
[35.0, 18.0, [1, 1, 0, 1], 0]
[35.0, 18.0, [1, 1, 0, 1], 0]
[35.0, 18.0, [1, 1, 0, 1], 0]
[35.0, 18.0, [1, 1, 0, 1], 0]
[35.0, 18.0, [1, 1, 0, 1], 0]
[35.0, 18.0, [1, 1, 0, 1], 0]
[35.0, 18.0, [1, 1, 0, 1], 0]
[35.0, 18.0, [1, 1, 0, 1], 0]
[35.0, 18.0, [1, 1, 0, 1], 0]
[35.0, 18.0, [1, 1, 0, 1], 0]
[35.0, 18.0, [1, 1, 0, 1], 0]
[35.0, 18.0, [1, 1, 0, 1], 0]
[35.0, 18.0, [1, 1, 0, 1], 0]
[35.0, 18.0, [1, 1, 0, 1], 0]
[35.0, 18.0, [1, 1, 0, 1], 0]
[35.0, 18.0, [1, 1, 0, 1], 0]
[35.0, 18.0, [1, 1, 0, 1], 0]
[35.0, 18.0, [1, 1, 0, 1], 0]
[35.0, 18.0, [1, 1, 0, 1], 0]
[35.0, 18.0, [1, 1, 0, 1], 0]
[35.0, 18.0, [1, 1, 0, 1], 0]
[35.0, 18.0, [1, 1, 0, 1], 0]
[35.0, 18.0, [1, 1, 0, 1], 0]
[35.0, 18.0, [1, 1, 0, 1], 0]
[35.0, 18.0, [1, 1, 0, 1], 0]
[35.0, 18.0, [1, 1, 0, 1], 0]
[35.0, 18.0, [1, 1, 0, 1], 0]
[35.0, 18.0, [1, 1, 0, 1], 0]
[35.0, 18.0, [1, 1, 0, 1], 0]
[35.0, 18.0, [1, 1, 0, 1], 0]
[35.0, 18.0, [1, 1, 0, 1], 0]
[35.0, 18.0, [1, 1, 0, 1], 0]
[35.0, 18.0, [1, 1, 0, 1], 0]
[35.0, 18.0, [1, 1, 0, 1], 0]
[35.0, 18.0, [1, 1, 0, 1], 0]
[35.0, 18.0, [1, 1, 0, 1], 0]
[35.0, 18.0, [1, 1, 0, 1], 0]
[35.0, 18.0, [1, 1, 0, 1], 0]
[35.0, 18.0, [1, 1, 0, 1], 0]
[35.0, 18.0, [1, 1, 0, 1], 0]
[35.0, 18.0, [1, 1, 0, 1], 0]
[35.0, 18.0, [1, 1, 0, 1], 0]
[35.0, 18.0, [1, 1, 0, 1], 0]
[35.0, 18.0, [1, 1, 0, 1], 0]
[35.0, 18.0, [1, 1, 0, 1], 0]
[35.0, 18.0, [1, 1, 0, 1], 0]
[35.0, 18.0, [1, 1, 0, 1], 0]
[35.0, 18.0, [1, 1, 0, 1], 0]
[35.0, 18.0, [1, 1, 0, 1], 0]
[35.0, 18.0, [1, 1, 0, 1], 0]
[35.0, 18.0, [1, 1, 0, 1], 0]
[35.0, 18.0, [1, 1, 0, 1], 0]
[35.0, 18.0, [1, 1, 0, 1], 0]
[35.0, 18.0, [1, 1, 0, 1], 0]
[35.0, 18.0, [1, 1, 0, 1], 0]
[35.0, 18.0, [1, 1, 0, 1], 0]
[35.0, 18.0, [1, 1, 0, 1], 0]
[35.0, 18.0, [1, 1, 0, 1], 0]
[35.0, 18.0, [1, 1, 0, 1], 0]
[35.0, 18.0, [1, 1, 0, 1], 0]
[35.0, 18.0, [1, 1, 0, 1], 0]
[35.0, 18.0, [1, 1, 0, 1], 0]
[35.0, 18.0, [1, 1, 0, 1], 0]
[35.0, 18.0, [1, 1, 0, 1], 0]
[35.0, 18.0, [1, 1, 0, 1], 0]
[35.0, 18.0, [1, 1, 0, 1], 0]
[35.0, 18.0, [1, 1, 0, 1], 0]
[35.0, 18.0, [1, 1, 0, 1], 0]
[35.0, 18.0, [1, 1, 0, 1], 0]
[35.0, 18.0, [1, 1, 0, 1], 0]
[35.0, 18.0, [1, 1, 0, 1], 0]
